[mol0]
0
1
2
3
4
5
6
7
8
9
10
11
12
13
14
15
16
17
18
19
20
21
22
23
24
25
26
27
28
29
30
31
32
33
34
35
36
37
38
39
40
41
42
43
44
45
46
47
48
49
51
52
54
55
57
58
60
61
63
64
66
67
69
70
72
73
75
76
78
79
81
82
84
85
87
88
90
91
93
94
96
97
99
100
102
103
105
106
108
109
111
112
114
115
117
118
120
[mol1]
121
122
123
124
125
126
127
128
129
130
131
132
133
134
135
136
137
138
139
140
141
142
143
144
145
146
147
148
149
150
151
152
153
154
155
156
157
158
159
160
161
162
163
164
165
166
167
168
169
170
172
173
175
176
178
179
181
182
184
185
187
188
190
191
193
194
196
197
199
200
202
203
205
206
208
209
211
212
214
215
217
218
220
221
223
224
226
227
229
230
232
233
235
236
238
239
241
[mol2]
242
243
244
245
246
247
248
249
250
251
252
253
254
255
256
257
258
259
260
261
262
263
264
265
266
267
268
269
270
271
272
273
274
275
276
277
278
279
280
281
282
283
284
285
286
287
288
289
290
291
293
294
296
297
299
300
302
303
305
306
308
309
311
312
314
315
317
318
320
321
323
324
326
327
329
330
332
333
335
336
338
339
341
342
344
345
347
348
350
351
353
354
356
357
359
360
362
